{
  "camera_path": [
    {
      "camera_to_world": [
        0.9493934500218951,
        -0.16080174841069056,
        0.26980525340250194,
        -0.278794117219743,
        0.08208243460007007,
        0.9561787043808065,
        0.28104227301024926,
        0.01425100606169986,
        -0.30317412651090225,
        -0.24467342110802967,
        0.9209887979870571,
        -0.9797671675960569,
        0.0,
        0.0,
        0.0,
        1.0
      ],
      "fov": 65.9396840524535,
      "aspect": 0.5625
    },
    {
      "camera_to_world": [
        0.9495726734101522,
        -0.16105509328842188,
        0.2690222943150887,
        -0.2789688704552884,
        0.0828347271350971,
        0.9563710366420027,
        0.2801657513914844,
        0.014361126529294643,
        -0.3024072517205077,
        -0.2437533532039278,
        0.9214847567424492,
        -0.9798390219235599,
        0.0,
        0.0,
        0.0,
        1.0
      ],
      "fov": 65.9396840524535,
      "aspect": 0.5625
    },
    {
      "camera_to_world": [
        0.9497510129865228,
        -0.16130918069780664,
        0.2682393736081195,
        -0.2791987863872237,
        0.08358626951934535,
        0.9565622597831934,
        0.27928834330546237,
        0.014541860865216612,
        -0.301639435218463,
        -0.24283325839158199,
        0.9219792078675169,
        -0.9798846987823002,
        0.0,
        0.0,
        0.0,
        1.0
      ],
      "fov": 65.9396840524535,
      "aspect": 0.5625
    },
    {
      "camera_to_world": [
        0.9499284682479349,
        -0.16156400992209877,
        0.26745649349010786,
        -0.27929058148725305,
        0.08433705963281551,
        0.9567523732649638,
        0.2784100512272327,
        0.014886530876644544,
        -0.3008706791706747,
        -0.2419131392664553,
        0.9224721499674804,
        -0.9795315703771912,
        0.0,
        0.0,
        0.0,
        1.0
      ],
      "fov": 65.9396840524535,
      "aspect": 0.5625
    },
    {
      "camera_to_world": [
        0.950893263538001,
        -0.16230059596889604,
        0.263553633832264,
        -0.27897229206027974,
        0.0878276415347077,
        0.9579794420307094,
        0.27305987260852077,
        0.01587474689523363,
        -0.29679674314335186,
        -0.23650349932859743,
        0.9251906765985201,
        -0.9780060601383302,
        0.0,
        0.0,
        0.0,
        1.0
      ],
      "fov": 65.9396840524535,
      "aspect": 0.5625
    },
    {
      "camera_to_world": [
        0.9518369580713052,
        -0.16305935667371282,
        0.2596498631825545,
        -0.2785439582676091,
        0.09129418252852087,
        0.9591712567148907,
        0.2676861455668306,
        0.016997476771142876,
        -0.2926974162612535,
        -0.23108904451127105,
        0.9278610219320856,
        -0.9757067257836818,
        0.0,
        0.0,
        0.0,
        1.0
      ],
      "fov": 65.9396840524535,
      "aspect": 0.5625
    },
    {
      "camera_to_world": [
        0.9526934574819941,
        -0.16342182279463002,
        0.2562586269874334,
        -0.27847543790542933,
        0.09400022965568328,
        0.9602337588271462,
        0.26289748046219247,
        0.017646490708249637,
        -0.2890313700892738,
        -0.2263723398367623,
        0.9301701085614107,
        -0.9738473474347904,
        0.0,
        0.0,
        0.0,
        1.0
      ],
      "fov": 65.9396840524535,
      "aspect": 0.5625
    },
    {
      "camera_to_world": [
        0.9535346271554961,
        -0.16380117056354052,
        0.2528653620752414,
        -0.27844722116120235,
        0.09668716257809598,
        0.9612699836562347,
        0.25809225310756445,
        0.01825113684302391,
        -0.28534769564169576,
        -0.22165106596530545,
        0.9324416858701771,
        -0.9716989306912706,
        0.0,
        0.0,
        0.0,
        1.0
      ],
      "fov": 65.9396840524535,
      "aspect": 0.5625
    },
    {
      "camera_to_world": [
        0.9543604136138136,
        -0.16419737586312325,
        0.2494702841753597,
        -0.27816006760954015,
        0.0993548104719679,
        0.9622798653233796,
        0.25327076899890705,
        0.018709112444648852,
        -0.2816466271109062,
        -0.21692552305545476,
        0.9346756094411406,
        -0.9692805356385154,
        0.0,
        0.0,
        0.0,
        1.0
      ],
      "fov": 65.9396840524535,
      "aspect": 0.5625
    },
    {
      "camera_to_world": [
        0.9559408372240321,
        -0.16362091636432624,
        0.24373204847847726,
        -0.2771428077468933,
        0.10305548192459173,
        0.9644687767924006,
        0.24326846535846072,
        0.018913665060020967,
        -0.2748757598856378,
        -0.20743233672855496,
        0.9388371223522346,
        -0.9651747671953149,
        0.0,
        0.0,
        0.0,
        1.0
      ],
      "fov": 65.9396840524535,
      "aspect": 0.5625
    },
    {
      "camera_to_world": [
        0.9574783128617829,
        -0.16310241882358542,
        0.2379766403940723,
        -0.2754457456845539,
        0.10668343174107817,
        0.9665547956759246,
        0.23321765016357232,
        0.01910071331981082,
        -0.26805582588576693,
        -0.19791267753675462,
        0.9428555808176202,
        -0.9604245407102311,
        0.0,
        0.0,
        0.0,
        1.0
      ],
      "fov": 65.9396840524535,
      "aspect": 0.5625
    },
    {
      "camera_to_world": [
        0.9587387975202575,
        -0.1611343180787399,
        0.2342128298507795,
        -0.27381493458487294,
        0.1079369468490824,
        0.9684856267709495,
        0.22446649247266154,
        0.019429770896697743,
        -0.26300101451193886,
        -0.18992451730985266,
        0.9459170915520612,
        -0.9568569224637901,
        0.0,
        0.0,
        0.0,
        1.0
      ],
      "fov": 65.9396840524535,
      "aspect": 0.5625
    },
    {
      "camera_to_world": [
        0.9599791383887626,
        -0.15919810917166682,
        0.23042572750136878,
        -0.2718387916706784,
        0.1091435933539079,
        0.9703424203825055,
        0.21569252012069834,
        0.01988993957954976,
        -0.2579296995077647,
        -0.18191082772168105,
        0.9488839343510075,
        -0.9529864309337988,
        0.0,
        0.0,
        0.0,
        1.0
      ],
      "fov": 65.9396840524535,
      "aspect": 0.5625
    },
    {
      "camera_to_world": [
        0.9611991491867625,
        -0.15729408289181074,
        0.2266159021116305,
        -0.2696234374289442,
        0.11030319003540534,
        0.9721248976481301,
        0.20689705082631232,
        0.020672314148658655,
        -0.2528426425084526,
        -0.17387281230783774,
        0.9517556636393115,
        -0.9488426862299957,
        0.0,
        0.0,
        0.0,
        1.0
      ],
      "fov": 65.9396840524535,
      "aspect": 0.5625
    },
    {
      "camera_to_world": [
        0.9625657846051904,
        -0.15360840206968396,
        0.22331943292287082,
        -0.2671812821805413,
        0.11005086023828115,
        0.9744282546157651,
        0.1959040192729287,
        0.02188717661685947,
        -0.2477012686043586,
        -0.16399401031766989,
        0.9548560342332866,
        -0.9444252527724806,
        0.0,
        0.0,
        0.0,
        1.0
      ],
      "fov": 65.9396840524535,
      "aspect": 0.5625
    },
    {
      "camera_to_world": [
        0.963910477640362,
        -0.14995634902793256,
        0.2199765543901035,
        -0.26449991560459885,
        0.10973877936944168,
        0.9766134464097256,
        0.18488801095317933,
        0.02342424497131716,
        -0.24255719201383058,
        -0.15407553237919,
        0.957823960299822,
        -0.9397345661411535,
        0.0,
        0.0,
        0.0,
        1.0
      ],
      "fov": 65.9396840524535,
      "aspect": 0.5625
    },
    {
      "camera_to_world": [
        0.9652329396803176,
        -0.14633870760804116,
        0.2165879839965747,
        -0.2616482272254776,
        0.10936701441091848,
        0.9786800040214952,
        0.17385139023697233,
        0.025143767953818338,
        -0.23741151681191502,
        -0.14411950729895773,
        0.9606588048318567,
        -0.9348015531854519,
        0.0,
        0.0,
        0.0,
        1.0
      ],
      "fov": 65.9396840524535,
      "aspect": 0.5625
    },
    {
      "camera_to_world": [
        0.9673209180919973,
        -0.138245254462868,
        0.21255232541694863,
        -0.25684900089228396,
        0.10625773404380846,
        0.9821488940829739,
        0.15521869670715122,
        0.028226314049432936,
        -0.23021627956669533,
        -0.12756096373925763,
        0.9647427974089161,
        -0.9270690921143134,
        0.0,
        0.0,
        0.0,
        1.0
      ],
      "fov": 65.9396840524535,
      "aspect": 0.5625
    },
    {
      "camera_to_world": [
        0.9693457951231556,
        -0.13021803305420077,
        0.20835544951969082,
        -0.2521401207934025,
        0.10300619645755789,
        0.9852636365126534,
        0.13654775742284866,
        0.03125731341136948,
        -0.22306602827056465,
        -0.11090009212510694,
        0.9684744274363875,
        -0.9185794832215376,
        0.0,
        0.0,
        0.0,
        1.0
      ],
      "fov": 65.9396840524535,
      "aspect": 0.5625
    },
    {
      "camera_to_world": [
        0.9702905410641344,
        -0.12490327276006377,
        0.20720868315612267,
        -0.24952011724256185,
        0.10031816535979496,
        0.98704383484163,
        0.1252227367532499,
        0.03283639030885345,
        -0.22016478287935642,
        -0.10071564205700126,
        0.970249363733227,
        -0.9123299635808738,
        0.0,
        0.0,
        0.0,
        1.0
      ],
      "fov": 65.9396840524535,
      "aspect": 0.5625
    },
    {
      "camera_to_world": [
        0.9712158451931918,
        -0.11959864868083125,
        0.20599986718295035,
        -0.2471507432587329,
        0.09759465924408109,
        0.988688737666287,
        0.1138853041391898,
        0.03418719325946897,
        -0.21729027712418655,
        -0.09050272507258093,
        0.9719023573496111,
        -0.9056497499786847,
        0.0,
        0.0,
        0.0,
        1.0
      ],
      "fov": 65.9396840524535,
      "aspect": 0.5625
    },
    {
      "camera_to_world": [
        0.9721215101442201,
        -0.11430529228557869,
        0.20472925943897102,
        -0.2448876804644326,
        0.09483625903055336,
        0.9901979941310967,
        0.10253787783956964,
        0.03531639334710477,
        -0.21444312413320893,
        -0.08026351957309838,
        0.9734330557042574,
        -0.8984811676038967,
        0.0,
        0.0,
        0.0,
        1.0
      ],
      "fov": 65.9396840524535,
      "aspect": 0.5625
    },
    {
      "camera_to_world": [
        0.9718537520952633,
        -0.11127814070402485,
        0.20764744144779096,
        -0.24170499724685757,
        0.09394267133491972,
        0.9913559797246925,
        0.09158654904817849,
        0.036513745706572204,
        -0.2160441136453798,
        -0.06950177598846231,
        0.9739067943564372,
        -0.8862279340621154,
        0.0,
        0.0,
        0.0,
        1.0
      ],
      "fov": 65.9396840524535,
      "aspect": 0.5625
    },
    {
      "camera_to_world": [
        0.9715788224266128,
        -0.10821865431282661,
        0.21053103018518984,
        -0.23859204084122068,
        0.0930669157253086,
        0.9923904149247331,
        0.08062142124084912,
        0.03738104751602249,
        -0.21765371811548426,
        -0.05873659186773664,
        0.974257087100868,
        -0.8739875330328662,
        0.0,
        0.0,
        0.0,
        1.0
      ],
      "fov": 65.9396840524535,
      "aspect": 0.5625
    },
    {
      "camera_to_world": [
        0.9706304394026284,
        -0.10879589219058357,
        0.21456934531175595,
        -0.23676713598045404,
        0.09368257266602371,
        0.9924293681063605,
        0.07941992759178945,
        0.037619377418464786,
        -0.2215854816628017,
        -0.05698599093167381,
        0.9734744327170588,
        -0.868030864357556,
        0.0,
        0.0,
        0.0,
        1.0
      ],
      "fov": 65.9396840524535,
      "aspect": 0.5625
    },
    {
      "camera_to_world": [
        0.9696654395790868,
        -0.10936583260037452,
        0.21860478024399022,
        -0.2348978993185482,
        0.09430304688365856,
        0.9924658368126271,
        0.07822082912032047,
        0.0377859319172049,
        -0.22551246225952765,
        -0.05523293781285529,
        0.9726733531593257,
        -0.8625739711326513,
        0.0,
        0.0,
        0.0,
        1.0
      ],
      "fov": 65.9396840524535,
      "aspect": 0.5625
    },
    {
      "camera_to_world": [
        0.9686838508208815,
        -0.10992845908486101,
        0.22263721845652007,
        -0.23189741500775576,
        0.09492832046168362,
        0.992499819990479,
        0.077024160451061,
        0.03879972305162058,
        -0.22943454651196732,
        -0.05347748313164083,
        0.9718538715592756,
        -0.8539918775154828,
        0.0,
        0.0,
        0.0,
        1.0
      ],
      "fov": 65.9396840524535,
      "aspect": 0.5625
    },
    {
      "camera_to_world": [
        0.9631820296727033,
        -0.11972153761679491,
        0.24072210356808144,
        -0.22325641095939228,
        0.10300729906825393,
        0.9913849209750666,
        0.08090386147721437,
        0.04332706152507413,
        -0.24833419831798248,
        -0.05312901179140601,
        0.9672163326018816,
        -0.829266434037118,
        0.0,
        0.0,
        0.0,
        1.0
      ],
      "fov": 65.9396840524535,
      "aspect": 0.5625
    },
    {
      "camera_to_world": [
        0.9572440321497222,
        -0.12949578412429605,
        0.2586787676013925,
        -0.21502156033431183,
        0.11100010880489786,
        0.9901844566347002,
        0.08493360750812526,
        0.047843528308298626,
        -0.26713823904308864,
        -0.05258881756682829,
        0.9622222079685546,
        -0.805869418467728,
        0.0,
        0.0,
        0.0,
        1.0
      ],
      "fov": 65.9396840524535,
      "aspect": 0.5625
    },
    {
      "camera_to_world": [
        0.956595488904568,
        -0.13081509875544167,
        0.2604082958452642,
        -0.2132912685563149,
        0.1122503653331069,
        0.9900381227175686,
        0.0849963002045182,
        0.0489161423072275,
        -0.26893293976382776,
        -0.052076151004817835,
        0.961750044661558,
        -0.8008132737593558,
        0.0,
        0.0,
        0.0,
        1.0
      ],
      "fov": 65.9396840524535,
      "aspect": 0.5625
    },
    {
      "camera_to_world": [
        0.955941984659443,
        -0.13213325394025333,
        0.26213684435524454,
        -0.21305324969234496,
        0.113500300855498,
        0.9898900270146713,
        0.08506124924197082,
        0.04913185594583277,
        -0.2707260675869182,
        -0.051561008718350024,
        0.9612746010942292,
        -0.8000631542512249,
        0.0,
        0.0,
        0.0,
        1.0
      ],
      "fov": 65.9396840524535,
      "aspect": 0.5625
    },
    {
      "camera_to_world": [
        0.9552835245350461,
        -0.13345023934999123,
        0.26386439958685254,
        -0.21157616188711076,
        0.11474990557788388,
        0.9897401706864499,
        0.08512845411155835,
        0.0491752303220642,
        -0.2725176084618513,
        -0.051043394743953044,
        0.9607958809920274,
        -0.7965011862221427,
        0.0,
        0.0,
        0.0,
        1.0
      ],
      "fov": 65.9396840524535,
      "aspect": 0.5625
    },
    {
      "camera_to_world": [
        0.9537083558056425,
        -0.1388293005376801,
        0.2667710579855255,
        -0.20730599404902425,
        0.12043276998773798,
        0.9891435152187522,
        0.08420839752525061,
        0.04927011070886893,
        -0.2755654549822577,
        -0.048182274883078385,
        0.9600740327743027,
        -0.7862219397930357,
        0.0,
        0.0,
        0.0,
        1.0
      ],
      "fov": 65.9396840524535,
      "aspect": 0.5625
    },
    {
      "camera_to_world": [
        0.9520926670329766,
        -0.14419517498546244,
        0.26968000462204356,
        -0.2017967572696735,
        0.12611463146006965,
        0.9885116653250673,
        0.08330538546788496,
        0.0491926518332998,
        -0.2785940651085812,
        -0.04530385223326986,
        0.9593398291841644,
        -0.7731308448429776,
        0.0,
        0.0,
        0.0,
        1.0
      ],
      "fov": 65.9396840524535,
      "aspect": 0.5625
    },
    {
      "camera_to_world": [
        0.9504365689219463,
        -0.149547495030585,
        0.27259104017915875,
        -0.19697914296853153,
        0.13179510068110484,
        0.9878446642989298,
        0.08241947981267557,
        0.04895587897446523,
        -0.28160323132438664,
        -0.042408324020311666,
        0.9585933205282896,
        -0.7618263172879974,
        0.0,
        0.0,
        0.0,
        1.0
      ],
      "fov": 65.9396840524535,
      "aspect": 0.5625
    },
    {
      "camera_to_world": [
        0.9500196998517474,
        -0.15471886733628903,
        0.2711542770892093,
        -0.1923087421890746,
        0.1366232462690981,
        0.9870119334364915,
        0.0845075844693973,
        0.04813596534202927,
        -0.28070742503982554,
        -0.04323789245713469,
        0.9588189746679902,
        -0.7517102595800016,
        0.0,
        0.0,
        0.0,
        1.0
      ],
      "fov": 65.9396840524535,
      "aspect": 0.5625
    },
    {
      "camera_to_world": [
        0.9495764030298666,
        -0.15988490310420894,
        0.26970627091007393,
        -0.1886067263538309,
        0.14144972800194938,
        0.9861513343118112,
        0.08658822254330441,
        0.04730270177747727,
        -0.2798153485015341,
        -0.04407225424677057,
        0.9590417129346215,
        -0.7432305549095553,
        0.0,
        0.0,
        0.0,
        1.0
      ],
      "fov": 65.9396840524535,
      "aspect": 0.5625
    },
    {
      "camera_to_world": [
        0.9495283357910009,
        -0.16413334833213755,
        0.2673128943677304,
        -0.18641167986130197,
        0.1448836006233229,
        0.9853149059870348,
        0.0903508622547806,
        0.04721289819621542,
        -0.2782169689296353,
        -0.04706144924502505,
        0.9593646534006578,
        -0.7371446967166693,
        0.0,
        0.0,
        0.0,
        1.0
      ],
      "fov": 65.9396840524535,
      "aspect": 0.5625
    },
    {
      "camera_to_world": [
        0.9494617989116423,
        -0.1683718311871019,
        0.2649022817383235,
        -0.18438579750764278,
        0.14832153313524774,
        0.9844517248759528,
        0.09410379480749392,
        0.04727054199189365,
        -0.27662793643426126,
        -0.05005724574388176,
        0.9596724737808514,
        -0.7307268071620828,
        0.0,
        0.0,
        0.0,
        1.0
      ],
      "fov": 65.9396840524535,
      "aspect": 0.5625
    },
    {
      "camera_to_world": [
        0.9493767954868991,
        -0.17260015450680732,
        0.2624745451567689,
        -0.18175678698895778,
        0.15176336561477832,
        0.9835618311313216,
        0.09784684562558327,
        0.04697655097294999,
        -0.27504832493273174,
        -0.05305950438731821,
        0.9599651597562646,
        -0.7216465102758066,
        0.0,
        0.0,
        0.0,
        1.0
      ],
      "fov": 65.9396840524535,
      "aspect": 0.5625
    },
    {
      "camera_to_world": [
        0.9494615517077745,
        -0.19079597861830794,
        0.24923815191849616,
        -0.17546608030950106,
        0.16403804197743405,
        0.9785991616499475,
        0.12423848679950003,
        0.045527413180559306,
        -0.26760845018959095,
        -0.0770751280316948,
        0.960440077269802,
        -0.6989147480338918,
        0.0,
        0.0,
        0.0,
        1.0
      ],
      "fov": 65.9396840524535,
      "aspect": 0.5625
    },
    {
      "camera_to_world": [
        0.9492233454027563,
        -0.20860948982108948,
        0.23549335722899795,
        -0.16947869413885291,
        0.1764743458343068,
        0.9727513024420332,
        0.15037190182903687,
        0.04348568683682581,
        -0.2604454756849371,
        -0.1011779835434211,
        0.9601724687999204,
        -0.6761007996568522,
        0.0,
        0.0,
        0.0,
        1.0
      ],
      "fov": 65.9396840524535,
      "aspect": 0.5625
    },
    {
      "camera_to_world": [
        0.9487707722227672,
        -0.21518903807201512,
        0.231360540433011,
        -0.16736183455170844,
        0.18086665528343243,
        0.970280644444594,
        0.16075672310285263,
        0.04202452792136115,
        -0.2590777388785036,
        -0.11067587320560904,
        0.9594944378722463,
        -0.6668316145331759,
        0.0,
        0.0,
        0.0,
        1.0
      ],
      "fov": 65.9396840524535,
      "aspect": 0.5625
    },
    {
      "camera_to_world": [
        0.9482826465053823,
        -0.221720827014613,
        0.22715610756636995,
        -0.1661177213596418,
        0.18526801813452404,
        0.9676769270854009,
        0.17110559968353295,
        0.040388258441547,
        -0.2577513992071699,
        -0.12017170904381702,
        0.9587090155788848,
        -0.6601517823988561,
        0.0,
        0.0,
        0.0,
        1.0
      ],
      "fov": 65.9396840524535,
      "aspect": 0.5625
    },
    {
      "camera_to_world": [
        0.947759073085142,
        -0.2282034538195154,
        0.22288096161322699,
        -0.16505531884444877,
        0.18967748910886545,
        0.9649407095636575,
        0.18141630894751815,
        0.038418827621556156,
        -0.25646674152830945,
        -0.12966345164166126,
        0.9578163706046279,
        -0.653859265942106,
        0.0,
        0.0,
        0.0,
        1.0
      ],
      "fov": 65.9396840524535,
      "aspect": 0.5625
    },
    {
      "camera_to_world": [
        0.946138381901535,
        -0.23446669232244038,
        0.22326560972106593,
        -0.16390873674332612,
        0.19350816122093834,
        0.962397416892846,
        0.1906457539492266,
        0.03594370163449476,
        -0.25957032541035313,
        -0.13717354755692432,
        0.9559323532640851,
        -0.6473764113983552,
        0.0,
        0.0,
        0.0,
        1.0
      ],
      "fov": 65.9396840524535,
      "aspect": 0.5625
    },
    {
      "camera_to_world": [
        0.9444886639900854,
        -0.24072598212234653,
        0.22358927775154028,
        -0.162943865319077,
        0.1973031636356961,
        0.9597534394974883,
        0.1998619448321436,
        0.03313541430725669,
        -0.2627025413154,
        -0.14465246940157217,
        0.9539722416729209,
        -0.6412808725321741,
        0.0,
        0.0,
        0.0,
        1.0
      ],
      "fov": 65.9396840524535,
      "aspect": 0.5625
    },
    {
      "camera_to_world": [
        0.9428101889714968,
        -0.246980300235784,
        0.22385191280615058,
        -0.16226733964190687,
        0.20106187611908888,
        0.9570092094945186,
        0.2090633753533813,
        0.030353516344696452,
        -0.2658628773315346,
        -0.1520989948622891,
        0.9519363561808525,
        -0.6351035733254868,
        0.0,
        0.0,
        0.0,
        1.0
      ],
      "fov": 65.9396840524535,
      "aspect": 0.5625
    },
    {
      "camera_to_world": [
        0.938292238509563,
        -0.25724140847342775,
        0.23115910736832435,
        -0.16174928557409154,
        0.20694090078827307,
        0.9531369147958421,
        0.2206931925420489,
        0.026167674405209784,
        -0.2770977061140195,
        -0.1592384357498869,
        0.9475547381794245,
        -0.6255807693758701,
        0.0,
        0.0,
        0.0,
        1.0
      ],
      "fov": 65.9396840524535,
      "aspect": 0.5625
    },
    {
      "camera_to_world": [
        0.9336114231953596,
        -0.26753535000741346,
        0.23831606529049995,
        -0.16207447216307538,
        0.212664821514292,
        0.9490994902196678,
        0.23234420878313514,
        0.022525709349937268,
        -0.2883459452973622,
        -0.16623776394423004,
        0.9429854832760646,
        -0.6156120376443118,
        0.0,
        0.0,
        0.0,
        1.0
      ],
      "fov": 65.9396840524535,
      "aspect": 0.5625
    },
    {
      "camera_to_world": [
        0.9292861780962072,
        -0.27464667888001965,
        0.246974494593105,
        -0.1628413435148822,
        0.21637339473739037,
        0.9466991754759235,
        0.23862779637549353,
        0.02086480291659185,
        -0.2993488821578623,
        -0.16831480307264096,
        0.9391806928474714,
        -0.6084005442987606,
        0.0,
        0.0,
        0.0,
        1.0
      ],
      "fov": 65.9396840524535,
      "aspect": 0.5625
    },
    {
      "camera_to_world": [
        0.9248235032071401,
        -0.28176622508774346,
        0.25555680839194256,
        -0.16406941637009814,
        0.21999996177858477,
        0.9442480727128076,
        0.24493998039431925,
        0.019660953237870062,
        -0.31032483744150124,
        -0.17030376266527808,
        0.9352513692526488,
        -0.6008744310431009,
        0.0,
        0.0,
        0.0,
        1.0
      ],
      "fov": 65.9396840524535,
      "aspect": 0.5625
    },
    {
      "camera_to_world": [
        0.9202245469009055,
        -0.2888921565695362,
        0.26406079821439954,
        -0.1660324182149266,
        0.22354358941937763,
        0.9417468126685397,
        0.2512791365357402,
        0.01881141314679078,
        -0.3212709867238621,
        -0.1722041309064594,
        0.9311985236179378,
        -0.5932889227721605,
        0.0,
        0.0,
        0.0,
        1.0
      ],
      "fov": 65.9396840524535,
      "aspect": 0.5625
    },
    {
      "camera_to_world": [
        0.9115194019632844,
        -0.30075714309170587,
        0.2804951349378656,
        -0.17103537503145114,
        0.22943823367966368,
        0.9379311286923833,
        0.26008324581908004,
        0.01836130442254455,
        -0.341307012483559,
        -0.17271461637379495,
        0.9239476091859324,
        -0.581483651398956,
        0.0,
        0.0,
        0.0,
        1.0
      ],
      "fov": 65.9396840524535,
      "aspect": 0.5625
    },
    {
      "camera_to_world": [
        0.9023597847385263,
        -0.31259522186988,
        0.2967002631457564,
        -0.17660472517328998,
        0.23511596600840168,
        0.9340071094589442,
        0.26898178750258167,
        0.018285903232426844,
        -0.36120257669980244,
        -0.17295937888495214,
        0.9163065817951734,
        -0.5704312527624836,
        0.0,
        0.0,
        0.0,
        1.0
      ],
      "fov": 65.9396840524535,
      "aspect": 0.5625
    },
    {
      "camera_to_world": [
        0.8976809757914419,
        -0.3177613342217936,
        0.3052811821513247,
        -0.1791998903750265,
        0.23761850479117713,
        0.9325205750267387,
        0.2719242970618953,
        0.018183304447555004,
        -0.37108801096630706,
        -0.17156081028424336,
        0.9126119528538315,
        -0.5651437044833061,
        0.0,
        0.0,
        0.0,
        1.0
      ],
      "fov": 65.9396840524535,
      "aspect": 0.5625
    },
    {
      "camera_to_world": [
        0.8928899816405088,
        -0.32290730626502684,
        0.31381260689570134,
        -0.18156358732076322,
        0.24008401533172494,
        0.931018294984214,
        0.27489015985822984,
        0.018059469438710462,
        -0.38092931925517093,
        -0.1701052790637352,
        0.9088217909834914,
        -0.5605847714298378,
        0.0,
        0.0,
        0.0,
        1.0
      ],
      "fov": 65.9396840524535,
      "aspect": 0.5625
    },
    {
      "camera_to_world": [
        0.8879877102021325,
        -0.3280321628131585,
        0.32229292063291565,
        -0.18509381782765524,
        0.24251203040395455,
        0.9295005540206543,
        0.2778788138463385,
        0.017569267302308546,
        -0.3907246365911993,
        -0.1685930610535858,
        0.9049368144380342,
        -0.5541311197841893,
        0.0,
        0.0,
        0.0,
        1.0
      ],
      "fov": 65.9396840524535,
      "aspect": 0.5625
    },
    {
      "camera_to_world": [
        0.8767829128102195,
        -0.3382865384168389,
        0.3417805461549556,
        -0.1909260586910743,
        0.24783585027976424,
        0.9269464040293814,
        0.28168733619583447,
        0.016438867335926425,
        -0.4121032821030833,
        -0.16227317086613968,
        0.8965703000305749,
        -0.5440931070260215,
        0.0,
        0.0,
        0.0,
        1.0
      ],
      "fov": 65.9396840524535,
      "aspect": 0.5625
    },
    {
      "camera_to_world": [
        0.8650375857559158,
        -0.34837028408072995,
        0.36103756092557465,
        -0.1979248331156487,
        0.2530450108322762,
        0.9243340177128581,
        0.28561310577720167,
        0.014942100241986929,
        -0.43321841803237054,
        -0.1557073179664889,
        0.8877370294232482,
        -0.5321603756756738,
        0.0,
        0.0,
        0.0,
        1.0
      ],
      "fov": 65.9396840524535,
      "aspect": 0.5625
    },
    {
      "camera_to_world": [
        0.8527589337690313,
        -0.35827721430972886,
        0.3800521524522198,
        -0.20408171253241855,
        0.25813631669756915,
        0.9216649975413672,
        0.289653714474515,
        0.013555327224173892,
        -0.4540570920918613,
        -0.1488995299305278,
        0.8784424210541922,
        -0.520778519476275,
        0.0,
        0.0,
        0.0,
        1.0
      ],
      "fov": 65.9396840524535,
      "aspect": 0.5625
    },
    {
      "camera_to_world": [
        0.8391389170148829,
        -0.3683560199517693,
        0.400199600844855,
        -0.21029474193516362,
        0.2637847525821803,
        0.9190594501093545,
        0.2928264528177891,
        0.011824094032947735,
        -0.47567161178301093,
        -0.14015551979848181,
        0.8683852532221916,
        -0.5061978489770925,
        0.0,
        0.0,
        0.0,
        1.0
      ],
      "fov": 65.9396840524535,
      "aspect": 0.5625
    },
    {
      "camera_to_world": [
        0.8249356045788742,
        -0.37819122193238985,
        0.42006267145674026,
        -0.2154925521669409,
        0.2693251172072435,
        0.9163891939858371,
        0.2961331227459917,
        0.01053133383117738,
        -0.4969358404657406,
        -0.13115732842382025,
        0.8578184689439452,
        -0.4923837955269019,
        0.0,
        0.0,
        0.0,
        1.0
      ],
      "fov": 65.9396840524535,
      "aspect": 0.5625
    },
    {
      "camera_to_world": [
        0.8162830011479337,
        -0.3835988493654633,
        0.43189580317758935,
        -0.21926553234082796,
        0.27248381435707214,
        0.9149622761232143,
        0.29765181703602545,
        0.010119235494160843,
        -0.5093472616499897,
        -0.12528350265266175,
        0.8513926303490872,
        -0.4830923611000553,
        0.0,
        0.0,
        0.0,
        1.0
      ],
      "fov": 65.9396840524535,
      "aspect": 0.5625
    },
    {
      "camera_to_world": [
        0.8074308087395509,
        -0.38891169640021334,
        0.44362504607078174,
        -0.22297799048165926,
        0.27561093312358503,
        0.9135143522317671,
        0.29921587827072554,
        0.009986896849423003,
        -0.5216264014032856,
        -0.1193282056752854,
        0.8447879477652218,
        -0.4739314888991415,
        0.0,
        0.0,
        0.0,
        1.0
      ],
      "fov": 65.9396840524535,
      "aspect": 0.5625
    },
    {
      "camera_to_world": [
        0.7983822692275755,
        -0.394127817351427,
        0.45524610462125575,
        -0.2263586935039616,
        0.2787053282848885,
        0.9120459525740997,
        0.30082473365535545,
        0.010025177668689135,
        -0.5337687628258511,
        -0.11329361845665992,
        0.8380068399770715,
        -0.4651641316109237,
        0.0,
        0.0,
        0.0,
        1.0
      ],
      "fov": 65.9396840524535,
      "aspect": 0.5625
    },
    {
      "camera_to_world": [
        0.7870551810637592,
        -0.39753824236083735,
        0.4717069936108107,
        -0.2306254169202982,
        0.2815575882409951,
        0.9118669875958556,
        0.2987037352240074,
        0.010126688560957248,
        -0.5488801931793563,
        -0.10228363893368198,
        0.8296195457810024,
        -0.4529845378996707,
        0.0,
        0.0,
        0.0,
        1.0
      ],
      "fov": 65.9396840524535,
      "aspect": 0.5625
    },
    {
      "camera_to_world": [
        0.7754210124368751,
        -0.40072503502729406,
        0.48799764320511385,
        -0.23423903877422184,
        0.2844437335576996,
        0.9116472018830253,
        0.29663300851153945,
        0.011054596682236661,
        -0.5637499586794912,
        -0.0912075961815934,
        0.8208941213625832,
        -0.44148610190920895,
        0.0,
        0.0,
        0.0,
        1.0
      ],
      "fov": 65.9396840524535,
      "aspect": 0.5625
    },
    {
      "camera_to_world": [
        0.7703471613033657,
        -0.39712791819355947,
        0.4988533528634402,
        -0.23643957610002042,
        0.2850062284301364,
        0.9143141512857409,
        0.287751772391873,
        0.012411295536875913,
        -0.570382942265874,
        -0.07949244838275457,
        0.8175232411511246,
        -0.43398413028941124,
        0.0,
        0.0,
        0.0,
        1.0
      ],
      "fov": 65.9396840524535,
      "aspect": 0.5625
    },
    {
      "camera_to_world": [
        0.7652003634787795,
        -0.39338332584556107,
        0.5096253159710857,
        -0.2383913338222031,
        0.28564601050551613,
        0.9168712819399953,
        0.2788429827626868,
        0.014331950242187903,
        -0.5769529967113667,
        -0.06779831340376131,
        0.813958615830915,
        -0.42669411728650974,
        0.0,
        0.0,
        0.0,
        1.0
      ],
      "fov": 65.9396840524535,
      "aspect": 0.5625
    },
    {
      "camera_to_world": [
        0.7599822998234202,
        -0.3894924809061424,
        0.5203100145804264,
        -0.23988036761193865,
        0.2863628708414384,
        0.919317758728585,
        0.2699095490895069,
        0.01715961835183883,
        -0.5834579763432451,
        -0.05612901035854423,
        0.8102014095504991,
        -0.41971569975955997,
        0.0,
        0.0,
        0.0,
        1.0
      ],
      "fov": 65.9396840524535,
      "aspect": 0.5625
    },
    {
      "camera_to_world": [
        0.7592483721304939,
        -0.38005636240606433,
        0.5282982782594179,
        -0.24091044889852714,
        0.28512364943221147,
        0.92396673806455,
        0.25493130738458286,
        0.021083805366786428,
        -0.585018302236479,
        -0.042925847050763924,
        0.8098832988173803,
        -0.4131240016311078,
        0.0,
        0.0,
        0.0,
        1.0
      ],
      "fov": 65.9396840524535,
      "aspect": 0.5625
    },
    {
      "camera_to_world": [
        0.7584913434529652,
        -0.3704867830694006,
        0.5361253822360986,
        -0.24147780625266857,
        0.2839104487553706,
        0.9283618138438079,
        0.23987329923140463,
        0.025915005786072972,
        -0.5865882192768962,
        -0.029730223132727912,
        0.8093394682319887,
        -0.4068438989786072,
        0.0,
        0.0,
        0.0,
        1.0
      ],
      "fov": 65.9396840524535,
      "aspect": 0.5625
    },
    {
      "camera_to_world": [
        0.7577115418250853,
        -0.36078788956838026,
        0.5437879348844055,
        -0.2413571810576319,
        0.2827237945127651,
        0.9325010816003382,
        0.22474204953791616,
        0.031427760660491445,
        -0.5881670471909795,
        -0.01654785650752466,
        0.8085701534459768,
        -0.40074965689347564,
        0.0,
        0.0,
        0.0,
        1.0
      ],
      "fov": 65.9396840524535,
      "aspect": 0.5625
    },
    {
      "camera_to_world": [
        0.7611139406933403,
        -0.34356270835708613,
        0.550154737059128,
        -0.2399707265123329,
        0.2787539151502202,
        0.9391296026256777,
        0.2008278971173092,
        0.04099790320292489,
        -0.5856635758442541,
        0.0005048747175599305,
        0.8105540827303513,
        -0.3918662139688017,
        0.0,
        0.0,
        0.0,
        1.0
      ],
      "fov": 65.9396840524535,
      "aspect": 0.5625
    },
    {
      "camera_to_world": [
        0.7644496451299145,
        -0.3261693985655403,
        0.5560847628735582,
        -0.2366421515607226,
        0.2746798356638792,
        0.9451472332647207,
        0.17677017659013589,
        0.05182989306533149,
        -0.5832389972733408,
        0.017613372517414475,
        0.8121096238613053,
        -0.3834563591337125,
        0.0,
        0.0,
        0.0,
        1.0
      ],
      "fov": 65.9396840524535,
      "aspect": 0.5625
    },
    {
      "camera_to_world": [
        0.7707423185881902,
        -0.31284809876252007,
        0.5550516601524378,
        -0.23291103547250464,
        0.26974240514837544,
        0.949448510514317,
        0.1605819440252066,
        0.05968876373560029,
        -0.5772307278741062,
        0.02595366992973054,
        0.816168544980207,
        -0.37813175761822726,
        0.0,
        0.0,
        0.0,
        1.0
      ],
      "fov": 65.9396840524535,
      "aspect": 0.5625
    },
    {
      "camera_to_world": [
        0.7769393216733746,
        -0.2995020203026779,
        0.5537723632254781,
        -0.22814157268341018,
        0.2646548536007096,
        0.9534755604424823,
        0.14436815474501755,
        0.0679877220129355,
        -0.571246968397473,
        0.03439324749872716,
        0.8200573184986448,
        -0.3730422627261149,
        0.0,
        0.0,
        0.0,
        1.0
      ],
      "fov": 65.9396840524535,
      "aspect": 0.5625
    },
    {
      "camera_to_world": [
        0.7830376556191315,
        -0.2861376214320816,
        0.5522474911520063,
        -0.22258200175592557,
        0.2594196429170767,
        0.9572264343360091,
        0.1281366546978132,
        0.07619281393376938,
        -0.5652906144199379,
        0.04292802126305106,
        0.8237740626161814,
        -0.36827902098430576,
        0.0,
        0.0,
        0.0,
        1.0
      ],
      "fov": 65.9396840524535,
      "aspect": 0.5625
    },
    {
      "camera_to_world": [
        0.7978543986465808,
        -0.2664794764407654,
        0.5407559959872461,
        -0.23128129428218935,
        0.24798904019956047,
        0.9626677394976848,
        0.10850004272496114,
        0.09735646869277778,
        -0.5494813868560096,
        0.04753432408558234,
        0.8341526799888155,
        -0.398614457985956,
        0.0,
        0.0,
        0.0,
        1.0
      ],
      "fov": 65.9396840524535,
